13262633500
13262633501
13262633502
13262633503
13262633504
13262633505
13262633506
13262633507
13262633508
13262633509
13262633510
13262633511
13262633512
13262633513
13262633514
13262633515
13262633516
13262633517
13262633518
13262633519
13262633520
13262633521
13262633522
13262633523
13262633524
13262633525
13262633526
13262633527
13262633528
13262633529
13262633530
13262633531
13262633532
13262633533
13262633534
13262633535
13262633536
13262633537
13262633538
13262633539
13262633540
13262633541
13262633542
13262633543
13262633544
13262633545
13262633546
13262633547
13262633548
13262633549